suffStat <-
list(citestResultsList = list(list(citestResults = structure(list(
    ord = c(0L, 0L, 0L, 0L, 0L, 0L, 1L, 1L, 1L, 1L, 1L, 1L, 1L, 
    1L, 1L, 1L, 1L, 1L, 2L, 2L, 2L, 2L, 2L, 2L), X = c(1L, 1L, 
    1L, 2L, 2L, 3L, 1L, 1L, 1L, 1L, 1L, 1L, 2L, 2L, 2L, 2L, 3L, 
    3L, 1L, 1L, 1L, 2L, 2L, 3L), Y = c(2L, 3L, 4L, 3L, 4L, 4L, 
    2L, 2L, 3L, 3L, 4L, 4L, 3L, 3L, 4L, 4L, 4L, 4L, 2L, 3L, 4L, 
    3L, 4L, 4L), S = c("", "", "", "", "", "", "3", "4", "2", 
    "4", "2", "3", "1", "4", "1", "3", "1", "2", "3,4", "2,4", 
    "2,3", "1,4", "1,3", "1,2"), pvalue = c(0.041714263548019784, 
    7.4377276054389225e-39, 0.0560038294513771, 0.00047051741686853209, 
    0, 0.13382452840091941, 0.01196611686075269, 0.21337328591071714, 
    2.5195445470004412e-39, 4.8699689245339201e-39, 0.30467425375751311, 
    0.033684403793332263, 0.00014801120604661491, 0.0015070343965366102, 
    0, 0, 0.077984321571419921, 0.76476850438689548, 0.094454122361534193, 
    2.6216698615034751e-39, 0.31932121252141954, 0.00076778877184903688, 
    0, 0.86773554902896177)), row.names = c(NA, -24L), class = "data.frame"), 
    labels = c("A", "D", "C", "E")), list(citestResults = structure(list(
    ord = c(0L, 0L, 0L, 0L, 0L, 0L, 1L, 1L, 1L, 1L, 1L, 1L, 1L, 
    1L, 1L, 1L, 1L, 1L, 2L, 2L, 2L, 2L, 2L, 2L), X = c(1L, 1L, 
    1L, 2L, 2L, 3L, 1L, 1L, 1L, 1L, 1L, 1L, 2L, 2L, 2L, 2L, 3L, 
    3L, 1L, 1L, 1L, 2L, 2L, 3L), Y = c(2L, 3L, 4L, 3L, 4L, 4L, 
    2L, 2L, 3L, 3L, 4L, 4L, 3L, 3L, 4L, 4L, 4L, 4L, 2L, 3L, 4L, 
    3L, 4L, 4L), S = c("", "", "", "", "", "", "3", "4", "2", 
    "4", "2", "3", "1", "4", "1", "3", "1", "2", "3,4", "2,4", 
    "2,3", "1,4", "1,3", "1,2"), pvalue = c(0, 1.3857217059597779e-53, 
    0.013220731644902074, 3.4038944344882007e-45, 4.7707755191375154e-102, 
    1.2544766861649702e-108, 0, 0, 2.1735083966388705e-19, 2.0248294215017265e-52, 
    2.0544931822465025e-33, 0.36479129620418715, 6.6652015800065907e-11, 
    5.0613381812057678e-23, 2.877515092097547e-132, 5.7264087395823563e-80, 
    1.8456421237868947e-107, 1.4951830131168743e-86, 0, 1.6943231698258584e-31, 
    1.7678512070631158e-45, 0.17842097637280355, 2.2227785061390172e-123, 
    1.4298328814042514e-98)), row.names = c(NA, -24L), class = "data.frame"), 
    labels = c("B", "C", "D", "E"))))
